   Compiling render-core v0.1.0 (/private/tmp/render-gpu-alpha-20260906/crates/core)
   Compiling render-kernel v0.1.0 (/private/tmp/render-gpu-alpha-20260906/crates/kernel)
   Compiling render-gpu v0.1.0 (/private/tmp/render-gpu-alpha-20260906/crates/gpu)
   Compiling render-host v0.1.0 (/private/tmp/render-gpu-alpha-20260906/crates/host)
    Finished `test` profile [unoptimized] target(s) in 14.05s
     Running tests/gpu_alpha.rs (target/debug/deps/gpu_alpha-1a671c30d6f722eb)

running 2 tests
rmse=0.00000003206683867438041 backend=gpu-f32-principled-alpha-v1/Metal
rmse=0.000000053446340602282046 backend=gpu-f32-principled-alpha-v1/Metal
rmse=0.000000027024823780099234 backend=gpu-f32-principled-alpha-v1/Metal
rmse=0.000000019237316380974734 backend=gpu-f32-principled-alpha-v1/Metal
rmse=0.000007044525159996904 backend=gpu-f32-principled-alpha-v1/Metal
rmse=0.000007052875363743843 backend=gpu-f32-principled-alpha-v1/Metal
rmse=0.000000053446340602282046 backend=gpu-f32-principled-alpha-v1/Metal
rmse=0.000007052875363743843 backend=gpu-f32-principled-alpha-v1/Metal
rmse=0.000000019237316380974734 backend=gpu-f32-principled-alpha-v1/Metal
rmse=0.000006536258674854588 backend=gpu-f32-principled-alpha-v1/Metal
rmse=0.000000053446340602282046 backend=gpu-f32-principled-alpha-v1/Metal
rmse=0.000006543048383711945 backend=gpu-f32-principled-alpha-v1/Metal
rmse=0.000006543048383711945 backend=gpu-f32-principled-alpha-v1/Metal
rmse=0.000000019237316380974734 backend=gpu-f32-principled-alpha-v1/Metal
rmse=0.000002694569375313803 backend=gpu-f32-principled-alpha-v1/Metal
rmse=0.0000026979358909794835 backend=gpu-f32-principled-alpha-v1/Metal
rmse=0.0000026979358909794835 backend=gpu-f32-principled-alpha-v1/Metal
test coverage_textures_vertex_alpha_and_extended_schedule_match_cpu ... ok

thread 'mask_boundaries_camera_and_transparent_crossing_budgets' (3907467) panicked at crates/host/tests/gpu_alpha.rs:188:13:
assertion `left == right` failed
  left: [[0.1, 0.2, 0.3], [0.1, 0.2, 0.3], [0.1, 0.2, 0.3], [0.1, 0.2, 0.3], [0.1, 0.2, 0.3], [0.1, 0.2, 0.3], [0.1, 0.2, 0.3], [0.1, 0.2, 0.3], [0.1, 0.2, 0.3], [0.1, 0.2, 0.3], [0.1, 0.2, 0.3], [0.1, 0.2, 0.3], [0.1, 0.2, 0.3], [0.1, 0.2, 0.3], [0.1, 0.2, 0.3], [0.1, 0.2, 0.3], [0.1, 0.2, 0.3], [0.1, 0.2, 0.3], [0.1, 0.2, 0.3], [0.1, 0.2, 0.3], [0.1, 0.2, 0.3], [0.1, 0.2, 0.3], [0.1, 0.2, 0.3], [0.1, 0.2, 0.3], [0.1, 0.2, 0.3], [0.1, 0.2, 0.3], [0.1, 0.2, 0.3], [0.1, 0.2, 0.3], [0.1, 0.2, 0.3], [0.1, 0.2, 0.3], [0.1, 0.2, 0.3], [0.1, 0.2, 0.3], [0.1, 0.2, 0.3], [0.1, 0.2, 0.3], [0.1, 0.2, 0.3], [0.1, 0.2, 0.3], [0.1, 0.2, 0.3], [0.1, 0.2, 0.3], [0.1, 0.2, 0.3], [0.1, 0.2, 0.3], [0.1, 0.2, 0.3], [0.1, 0.2, 0.3], [0.1, 0.2, 0.3], [0.1, 0.2, 0.3], [0.1, 0.2, 0.3], [0.1, 0.2, 0.3], [0.1, 0.2, 0.3], [0.1, 0.2, 0.3], [0.1, 0.2, 0.3], [0.1, 0.2, 0.3], [0.1, 0.2, 0.3], [0.1, 0.2, 0.3], [0.1, 0.2, 0.3], [0.1, 0.2, 0.3], [0.1, 0.2, 0.3], [0.1, 0.2, 0.3], [0.1, 0.2, 0.3], [0.1, 0.2, 0.3], [0.1, 0.2, 0.3], [0.1, 0.2, 0.3], [0.1, 0.2, 0.3], [0.1, 0.2, 0.3], [0.1, 0.2, 0.3], [0.1, 0.2, 0.3], [0.1, 0.2, 0.3], [0.1, 0.2, 0.3], [0.1, 0.2, 0.3], [0.1, 0.2, 0.3], [0.1, 0.2, 0.3], [0.1, 0.2, 0.3], [0.1, 0.2, 0.3], [0.1, 0.2, 0.3], [0.1, 0.2, 0.3], [0.1, 0.2, 0.3], [0.1, 0.2, 0.3], [0.1, 0.2, 0.3], [0.1, 0.2, 0.3], [0.1, 0.2, 0.3], [0.1, 0.2, 0.3], [0.1, 0.2, 0.3], [0.1, 0.2, 0.3], [0.1, 0.2, 0.3], [0.1, 0.2, 0.3], [0.1, 0.2, 0.3], [0.1, 0.2, 0.3], [0.1, 0.2, 0.3], [0.1, 0.2, 0.3], [0.1, 0.2, 0.3], [0.1, 0.2, 0.3], [0.1, 0.2, 0.3], [0.1, 0.2, 0.3], [0.1, 0.2, 0.3], [0.1, 0.2, 0.3], [0.1, 0.2, 0.3], [0.1, 0.2, 0.3], [0.1, 0.2, 0.3], [0.1, 0.2, 0.3], [0.1, 0.2, 0.3], [0.1, 0.2, 0.3], [0.1, 0.2, 0.3], [0.1, 0.2, 0.3], [0.1, 0.2, 0.3], [0.1, 0.2, 0.3], [0.1, 0.2, 0.3], [0.1, 0.2, 0.3], [0.1, 0.2, 0.3], [0.1, 0.2, 0.3], [0.1, 0.2, 0.3], [0.1, 0.2, 0.3], [0.1, 0.2, 0.3], [0.1, 0.2, 0.3], [0.1, 0.2, 0.3], [0.1, 0.2, 0.3], [0.1, 0.2, 0.3], [0.1, 0.2, 0.3], [0.1, 0.2, 0.3], [0.1, 0.2, 0.3], [0.1, 0.2, 0.3], [0.1, 0.2, 0.3], [0.1, 0.2, 0.3], [0.1, 0.2, 0.3], [0.1, 0.2, 0.3], [0.1, 0.2, 0.3], [0.1, 0.2, 0.3], [0.1, 0.2, 0.3], [0.1, 0.2, 0.3], [0.1, 0.2, 0.3], [0.1, 0.2, 0.3], [0.1, 0.2, 0.3], [0.1, 0.2, 0.3], [0.1, 0.2, 0.3], [0.1, 0.2, 0.3], [0.1, 0.2, 0.3], [0.1, 0.2, 0.3], [0.1, 0.2, 0.3], [0.1, 0.2, 0.3], [0.1, 0.2, 0.3], [0.1, 0.2, 0.3], [0.1, 0.2, 0.3], [0.1, 0.2, 0.3], [0.1, 0.2, 0.3], [0.1, 0.2, 0.3], [0.1, 0.2, 0.3], [0.1, 0.2, 0.3], [0.1, 0.2, 0.3], [0.1, 0.2, 0.3], [0.1, 0.2, 0.3], [0.1, 0.2, 0.3], [0.1, 0.2, 0.3], [0.1, 0.2, 0.3], [0.1, 0.2, 0.3], [0.1, 0.2, 0.3], [0.1, 0.2, 0.3], [0.1, 0.2, 0.3], [0.1, 0.2, 0.3], [0.1, 0.2, 0.3], [0.1, 0.2, 0.3], [0.1, 0.2, 0.3], [0.1, 0.2, 0.3], [0.1, 0.2, 0.3], [0.1, 0.2, 0.3], [0.1, 0.2, 0.3], [0.1, 0.2, 0.3], [0.1, 0.2, 0.3], [0.1, 0.2, 0.3], [0.1, 0.2, 0.3], [0.1, 0.2, 0.3], [0.1, 0.2, 0.3], [0.1, 0.2, 0.3], [0.1, 0.2, 0.3], [0.1, 0.2, 0.3], [0.1, 0.2, 0.3], [0.1, 0.2, 0.3], [0.1, 0.2, 0.3], [0.1, 0.2, 0.3], [0.1, 0.2, 0.3], [0.1, 0.2, 0.3], [0.1, 0.2, 0.3], [0.1, 0.2, 0.3], [0.1, 0.2, 0.3], [0.1, 0.2, 0.3], [0.1, 0.2, 0.3], [0.1, 0.2, 0.3], [0.1, 0.2, 0.3], [0.1, 0.2, 0.3], [0.1, 0.2, 0.3], [0.1, 0.2, 0.3], [0.1, 0.2, 0.3], [0.1, 0.2, 0.3], [0.1, 0.2, 0.3], [0.1, 0.2, 0.3], [0.1, 0.2, 0.3], [0.1, 0.2, 0.3], [0.1, 0.2, 0.3], [0.1, 0.2, 0.3], [0.1, 0.2, 0.3], [0.1, 0.2, 0.3], [0.1, 0.2, 0.3], [0.1, 0.2, 0.3], [0.1, 0.2, 0.3], [0.1, 0.2, 0.3], [0.1, 0.2, 0.3], [0.1, 0.2, 0.3], [0.1, 0.2, 0.3], [0.1, 0.2, 0.3], [0.1, 0.2, 0.3], [0.1, 0.2, 0.3], [0.1, 0.2, 0.3], [0.1, 0.2, 0.3], [0.1, 0.2, 0.3], [0.1, 0.2, 0.3], [0.1, 0.2, 0.3], [0.1, 0.2, 0.3], [0.1, 0.2, 0.3], [0.1, 0.2, 0.3], [0.1, 0.2, 0.3], [0.1, 0.2, 0.3], [0.1, 0.2, 0.3], [0.1, 0.2, 0.3], [0.1, 0.2, 0.3], [0.1, 0.2, 0.3], [0.1, 0.2, 0.3], [0.1, 0.2, 0.3], [0.1, 0.2, 0.3], [0.1, 0.2, 0.3], [0.1, 0.2, 0.3], [0.1, 0.2, 0.3], [0.1, 0.2, 0.3], [0.1, 0.2, 0.3], [0.1, 0.2, 0.3], [0.1, 0.2, 0.3], [0.1, 0.2, 0.3], [0.1, 0.2, 0.3], [0.1, 0.2, 0.3], [0.1, 0.2, 0.3], [0.1, 0.2, 0.3], [0.1, 0.2, 0.3], [0.1, 0.2, 0.3], [0.1, 0.2, 0.3], [0.1, 0.2, 0.3], [0.1, 0.2, 0.3], [0.1, 0.2, 0.3], [0.1, 0.2, 0.3], [0.1, 0.2, 0.3], [0.1, 0.2, 0.3], [0.1, 0.2, 0.3], [0.1, 0.2, 0.3], [0.1, 0.2, 0.3], [0.1, 0.2, 0.3], [0.1, 0.2, 0.3], [0.1, 0.2, 0.3], [0.1, 0.2, 0.3], [0.1, 0.2, 0.3], [0.1, 0.2, 0.3], [0.1, 0.2, 0.3], [0.1, 0.2, 0.3]]
 right: [[0.10000002, 0.20000003, 0.3], [0.10000002, 0.20000003, 0.3], [0.10000002, 0.20000003, 0.3], [0.10000002, 0.20000003, 0.3], [0.10000002, 0.20000003, 0.3], [0.10000002, 0.20000003, 0.3], [0.10000002, 0.20000003, 0.3], [0.10000002, 0.20000003, 0.3], [0.10000002, 0.20000003, 0.3], [0.10000002, 0.20000003, 0.3], [0.10000002, 0.20000003, 0.3], [0.10000002, 0.20000003, 0.3], [0.10000002, 0.20000003, 0.3], [0.10000002, 0.20000003, 0.3], [0.10000002, 0.20000003, 0.3], [0.10000002, 0.20000003, 0.3], [0.10000002, 0.20000003, 0.3], [0.10000002, 0.20000003, 0.3], [0.10000002, 0.20000003, 0.3], [0.10000002, 0.20000003, 0.3], [0.10000002, 0.20000003, 0.3], [0.10000002, 0.20000003, 0.3], [0.10000002, 0.20000003, 0.3], [0.10000002, 0.20000003, 0.3], [0.10000002, 0.20000003, 0.3], [0.10000002, 0.20000003, 0.3], [0.10000002, 0.20000003, 0.3], [0.10000002, 0.20000003, 0.3], [0.10000002, 0.20000003, 0.3], [0.10000002, 0.20000003, 0.3], [0.10000002, 0.20000003, 0.3], [0.10000002, 0.20000003, 0.3], [0.10000002, 0.20000003, 0.3], [0.10000002, 0.20000003, 0.3], [0.10000002, 0.20000003, 0.3], [0.10000002, 0.20000003, 0.3], [0.10000002, 0.20000003, 0.3], [0.10000002, 0.20000003, 0.3], [0.10000002, 0.20000003, 0.3], [0.10000002, 0.20000003, 0.3], [0.10000002, 0.20000003, 0.3], [0.10000002, 0.20000003, 0.3], [0.10000002, 0.20000003, 0.3], [0.10000002, 0.20000003, 0.3], [0.10000002, 0.20000003, 0.3], [0.10000002, 0.20000003, 0.3], [0.10000002, 0.20000003, 0.3], [0.10000002, 0.20000003, 0.3], [0.10000002, 0.20000003, 0.3], [0.10000002, 0.20000003, 0.3], [0.10000002, 0.20000003, 0.3], [0.10000002, 0.20000003, 0.3], [0.10000002, 0.20000003, 0.3], [0.10000002, 0.20000003, 0.3], [0.10000002, 0.20000003, 0.3], [0.10000002, 0.20000003, 0.3], [0.10000002, 0.20000003, 0.3], [0.10000002, 0.20000003, 0.3], [0.10000002, 0.20000003, 0.3], [0.10000002, 0.20000003, 0.3], [0.10000002, 0.20000003, 0.3], [0.10000002, 0.20000003, 0.3], [0.10000002, 0.20000003, 0.3], [0.10000002, 0.20000003, 0.3], [0.10000002, 0.20000003, 0.3], [0.10000002, 0.20000003, 0.3], [0.10000002, 0.20000003, 0.3], [0.10000002, 0.20000003, 0.3], [0.10000002, 0.20000003, 0.3], [0.10000002, 0.20000003, 0.3], [0.10000002, 0.20000003, 0.3], [0.10000002, 0.20000003, 0.3], [0.10000002, 0.20000003, 0.3], [0.10000002, 0.20000003, 0.3], [0.10000002, 0.20000003, 0.3], [0.10000002, 0.20000003, 0.3], [0.10000002, 0.20000003, 0.3], [0.10000002, 0.20000003, 0.3], [0.10000002, 0.20000003, 0.3], [0.10000002, 0.20000003, 0.3], [0.10000002, 0.20000003, 0.3], [0.10000002, 0.20000003, 0.3], [0.10000002, 0.20000003, 0.3], [0.10000002, 0.20000003, 0.3], [0.10000002, 0.20000003, 0.3], [0.10000002, 0.20000003, 0.3], [0.10000002, 0.20000003, 0.3], [0.10000002, 0.20000003, 0.3], [0.10000002, 0.20000003, 0.3], [0.10000002, 0.20000003, 0.3], [0.10000002, 0.20000003, 0.3], [0.10000002, 0.20000003, 0.3], [0.10000002, 0.20000003, 0.3], [0.10000002, 0.20000003, 0.3], [0.10000002, 0.20000003, 0.3], [0.10000002, 0.20000003, 0.3], [0.10000002, 0.20000003, 0.3], [0.10000002, 0.20000003, 0.3], [0.10000002, 0.20000003, 0.3], [0.10000002, 0.20000003, 0.3], [0.10000002, 0.20000003, 0.3], [0.10000002, 0.20000003, 0.3], [0.10000002, 0.20000003, 0.3], [0.10000002, 0.20000003, 0.3], [0.10000002, 0.20000003, 0.3], [0.10000002, 0.20000003, 0.3], [0.10000002, 0.20000003, 0.3], [0.10000002, 0.20000003, 0.3], [0.10000002, 0.20000003, 0.3], [0.10000002, 0.20000003, 0.3], [0.10000002, 0.20000003, 0.3], [0.10000002, 0.20000003, 0.3], [0.10000002, 0.20000003, 0.3], [0.10000002, 0.20000003, 0.3], [0.10000002, 0.20000003, 0.3], [0.10000002, 0.20000003, 0.3], [0.10000002, 0.20000003, 0.3], [0.10000002, 0.20000003, 0.3], [0.10000002, 0.20000003, 0.3], [0.10000002, 0.20000003, 0.3], [0.10000002, 0.20000003, 0.3], [0.10000002, 0.20000003, 0.3], [0.10000002, 0.20000003, 0.3], [0.10000002, 0.20000003, 0.3], [0.10000002, 0.20000003, 0.3], [0.10000002, 0.20000003, 0.3], [0.10000002, 0.20000003, 0.3], [0.10000002, 0.20000003, 0.3], [0.10000002, 0.20000003, 0.3], [0.10000002, 0.20000003, 0.3], [0.10000002, 0.20000003, 0.3], [0.10000002, 0.20000003, 0.3], [0.10000002, 0.20000003, 0.3], [0.10000002, 0.20000003, 0.3], [0.10000002, 0.20000003, 0.3], [0.10000002, 0.20000003, 0.3], [0.10000002, 0.20000003, 0.3], [0.10000002, 0.20000003, 0.3], [0.10000002, 0.20000003, 0.3], [0.10000002, 0.20000003, 0.3], [0.10000002, 0.20000003, 0.3], [0.10000002, 0.20000003, 0.3], [0.10000002, 0.20000003, 0.3], [0.10000002, 0.20000003, 0.3], [0.10000002, 0.20000003, 0.3], [0.10000002, 0.20000003, 0.3], [0.10000002, 0.20000003, 0.3], [0.10000002, 0.20000003, 0.3], [0.10000002, 0.20000003, 0.3], [0.10000002, 0.20000003, 0.3], [0.10000002, 0.20000003, 0.3], [0.10000002, 0.20000003, 0.3], [0.10000002, 0.20000003, 0.3], [0.10000002, 0.20000003, 0.3], [0.10000002, 0.20000003, 0.3], [0.10000002, 0.20000003, 0.3], [0.10000002, 0.20000003, 0.3], [0.10000002, 0.20000003, 0.3], [0.10000002, 0.20000003, 0.3], [0.10000002, 0.20000003, 0.3], [0.10000002, 0.20000003, 0.3], [0.10000002, 0.20000003, 0.3], [0.10000002, 0.20000003, 0.3], [0.10000002, 0.20000003, 0.3], [0.10000002, 0.20000003, 0.3], [0.10000002, 0.20000003, 0.3], [0.10000002, 0.20000003, 0.3], [0.10000002, 0.20000003, 0.3], [0.10000002, 0.20000003, 0.3], [0.10000002, 0.20000003, 0.3], [0.10000002, 0.20000003, 0.3], [0.10000002, 0.20000003, 0.3], [0.10000002, 0.20000003, 0.3], [0.10000002, 0.20000003, 0.3], [0.10000002, 0.20000003, 0.3], [0.10000002, 0.20000003, 0.3], [0.10000002, 0.20000003, 0.3], [0.10000002, 0.20000003, 0.3], [0.10000002, 0.20000003, 0.3], [0.10000002, 0.20000003, 0.3], [0.10000002, 0.20000003, 0.3], [0.10000002, 0.20000003, 0.3], [0.10000002, 0.20000003, 0.3], [0.10000002, 0.20000003, 0.3], [0.10000002, 0.20000003, 0.3], [0.10000002, 0.20000003, 0.3], [0.10000002, 0.20000003, 0.3], [0.10000002, 0.20000003, 0.3], [0.10000002, 0.20000003, 0.3], [0.10000002, 0.20000003, 0.3], [0.10000002, 0.20000003, 0.3], [0.10000002, 0.20000003, 0.3], [0.10000002, 0.20000003, 0.3], [0.10000002, 0.20000003, 0.3], [0.10000002, 0.20000003, 0.3], [0.10000002, 0.20000003, 0.3], [0.10000002, 0.20000003, 0.3], [0.10000002, 0.20000003, 0.3], [0.10000002, 0.20000003, 0.3], [0.10000002, 0.20000003, 0.3], [0.10000002, 0.20000003, 0.3], [0.10000002, 0.20000003, 0.3], [0.10000002, 0.20000003, 0.3], [0.10000002, 0.20000003, 0.3], [0.10000002, 0.20000003, 0.3], [0.10000002, 0.20000003, 0.3], [0.10000002, 0.20000003, 0.3], [0.10000002, 0.20000003, 0.3], [0.10000002, 0.20000003, 0.3], [0.10000002, 0.20000003, 0.3], [0.10000002, 0.20000003, 0.3], [0.10000002, 0.20000003, 0.3], [0.10000002, 0.20000003, 0.3], [0.10000002, 0.20000003, 0.3], [0.10000002, 0.20000003, 0.3], [0.10000002, 0.20000003, 0.3], [0.10000002, 0.20000003, 0.3], [0.10000002, 0.20000003, 0.3], [0.10000002, 0.20000003, 0.3], [0.10000002, 0.20000003, 0.3], [0.10000002, 0.20000003, 0.3], [0.10000002, 0.20000003, 0.3], [0.10000002, 0.20000003, 0.3], [0.10000002, 0.20000003, 0.3], [0.10000002, 0.20000003, 0.3], [0.10000002, 0.20000003, 0.3], [0.10000002, 0.20000003, 0.3], [0.10000002, 0.20000003, 0.3], [0.10000002, 0.20000003, 0.3], [0.10000002, 0.20000003, 0.3], [0.10000002, 0.20000003, 0.3], [0.10000002, 0.20000003, 0.3], [0.10000002, 0.20000003, 0.3], [0.10000002, 0.20000003, 0.3], [0.10000002, 0.20000003, 0.3], [0.10000002, 0.20000003, 0.3], [0.10000002, 0.20000003, 0.3], [0.10000002, 0.20000003, 0.3], [0.10000002, 0.20000003, 0.3], [0.10000002, 0.20000003, 0.3], [0.10000002, 0.20000003, 0.3], [0.10000002, 0.20000003, 0.3], [0.10000002, 0.20000003, 0.3], [0.10000002, 0.20000003, 0.3], [0.10000002, 0.20000003, 0.3], [0.10000002, 0.20000003, 0.3], [0.10000002, 0.20000003, 0.3], [0.10000002, 0.20000003, 0.3], [0.10000002, 0.20000003, 0.3], [0.10000002, 0.20000003, 0.3], [0.10000002, 0.20000003, 0.3], [0.10000002, 0.20000003, 0.3], [0.10000002, 0.20000003, 0.3], [0.10000002, 0.20000003, 0.3], [0.10000002, 0.20000003, 0.3], [0.10000002, 0.20000003, 0.3]]
note: run with `RUST_BACKTRACE=1` environment variable to display a backtrace
test mask_boundaries_camera_and_transparent_crossing_budgets ... FAILED

failures:

failures:
    mask_boundaries_camera_and_transparent_crossing_budgets

test result: FAILED. 1 passed; 1 failed; 0 ignored; 0 measured; 0 filtered out; finished in 8.75s

error: test failed, to rerun pass `-p render-host --test gpu_alpha`
